136,0,-0.227347,-0.146383,1.49639,-0.00568241,0.981551,-0.191114,-0.508898
137,0,-0.227702,-0.146914,1.49641,-0.00568241,0.981551,-0.191114,-0.508898
138,0,-0.22685,-0.147089,1.49636,-0.00568241,0.981551,-0.191114,-0.508898
139,0,-0.227592,-0.146565,1.49731,-0.00568241,0.981551,-0.191114,-0.508898
140,0,-0.226167,-0.146616,1.49716,-0.00568241,0.981551,-0.191114,-0.508898
141,0,-0.226969,-0.146632,1.49708,-0.00568241,0.981551,-0.191114,-0.508898
142,0,-0.226537,-0.145891,1.49747,-0.00568241,0.981551,-0.191114,-0.508898
143,0,-0.22707,-0.145806,1.49704,-0.00568241,0.981551,-0.191114,-0.508898
144,0,-0.227019,-0.14587,1.49681,-0.00568241,0.981551,-0.191114,-0.508898
145,0,-0.226971,-0.146002,1.49704,-0.00568241,0.981551,-0.191114,-0.508898
146,0,-0.226772,-0.144898,1.4963,-0.00568241,0.981551,-0.191114,-0.508898
147,0,-0.22717,-0.146093,1.49665,-0.00568241,0.981551,-0.191114,-0.508898
148,0,-0.226894,-0.146121,1.4967,-0.00568241,0.981551,-0.191114,-0.508898
149,0,-0.22693,-0.145882,1.49707,-0.00568241,0.981551,-0.191114,-0.508898
150,0,-0.227462,-0.146163,1.49647,-0.00568241,0.981551,-0.191114,-0.508898
151,0,-0.226333,-0.146288,1.49661,-0.00568241,0.981551,-0.191114,-0.508898
152,0,-0.227147,-0.145965,1.49675,-0.00568241,0.981551,-0.191114,-0.508898
153,0,-0.226752,-0.145661,1.49666,-0.00568241,0.981551,-0.191114,-0.508898
154,0,-0.227108,-0.146674,1.49635,-0.00568241,0.981551,-0.191114,-0.508898
155,0,-0.226973,-0.145837,1.49726,-0.00568241,0.981551,-0.191114,-0.508898
156,0,-0.227218,-0.146691,1.49686,-0.00568241,0.981551,-0.191114,-0.508898
157,0,-0.227978,-0.14589,1.49747,-0.00568241,0.981551,-0.191114,-0.508898
158,0,-0.227406,-0.147141,1.49608,-0.00568241,0.981551,-0.191114,-0.508898
159,0,-0.226901,-0.146057,1.49667,-0.00568241,0.981551,-0.191114,-0.508898
160,0,-0.226614,-0.14581,1.49686,-0.00568241,0.981551,-0.191114,-0.508898
161,0,-0.227038,-0.145468,1.49672,-0.00568241,0.981551,-0.191114,-0.508898
162,0,-0.226644,-0.146124,1.49696,-0.00568241,0.981551,-0.191114,-0.508898
163,0,-0.227271,-0.145775,1.49696,-0.00568241,0.981551,-0.191114,-0.508898
164,0,-0.227081,-0.145465,1.49713,-0.00568241,0.981551,-0.191114,-0.508898
165,0,-0.227025,-0.145982,1.49751,-0.00568241,0.981551,-0.191114,-0.508898
166,0,-0.227311,-0.145568,1.49625,-0.00568241,0.981551,-0.191114,-0.508898
167,0,-0.226566,-0.146916,1.49302,-0.00568241,0.981551,-0.191114,-0.508898
168,0,-0.226343,-0.145607,1.49323,-0.00568241,0.981551,-0.191114,-0.508898
169,0,-0.22662,-0.146532,1.49278,-0.00568241,0.981551,-0.191114,-0.508898
170,0,-0.226344,-0.146393,1.49267,-0.00568241,0.981551,-0.191114,-0.508898
171,0,-0.22674,-0.146471,1.49266,-0.00568241,0.981551,-0.191114,-0.508898
172,0,-0.226421,-0.145457,1.49301,-0.00568241,0.981551,-0.191114,-0.508898
173,0,-0.226442,-0.145543,1.49373,-0.00568241,0.981551,-0.191114,-0.508898
174,0,-0.22708,-0.14639,1.49273,-0.00568241,0.981551,-0.191114,-0.508898
175,0,-0.226668,-0.145838,1.49316,-0.00568241,0.981551,-0.191114,-0.508898
176,0,-0.226754,-0.146697,1.49248,-0.00568241,0.981551,-0.191114,-0.508898
177,0,-0.227112,-0.146308,1.49373,-0.00568241,0.981551,-0.191114,-0.508898
178,0,-0.22694,-0.14614,1.49229,-0.00568241,0.981551,-0.191114,-0.508898
179,0,-0.226382,-0.146739,1.49328,-0.00568241,0.981551,-0.191114,-0.508898
180,0,-0.226154,-0.146577,1.49296,-0.00568241,0.981551,-0.191114,-0.508898
181,0,-0.226491,-0.146536,1.49315,-0.00568241,0.981551,-0.191114,-0.508898
182,0,-0.226411,-0.145711,1.4943,-0.00568241,0.981551,-0.191114,-0.508898
183,0,-0.226722,-0.145927,1.49281,-0.00568241,0.981551,-0.191114,-0.508898
184,0,-0.226558,-0.146464,1.49327,-0.00568241,0.981551,-0.191114,-0.508898
185,0,-0.226307,-0.146279,1.49418,-0.00568241,0.981551,-0.191114,-0.508898
186,0,-0.225791,-0.14602,1.49394,-0.00568241,0.981551,-0.191114,-0.508898
187,0,-0.226856,-0.145727,1.49344,-0.00568241,0.981551,-0.191114,-0.508898
188,0,-0.226337,-0.146337,1.49315,-0.00568241,0.981551,-0.191114,-0.508898
189,0,-0.226178,-0.14627,1.49357,-0.00568241,0.981551,-0.191114,-0.508898
190,0,-0.226841,-0.145997,1.49352,-0.00568241,0.981551,-0.191114,-0.508898
191,0,-0.226447,-0.146049,1.49416,-0.00568241,0.981551,-0.191114,-0.508898
192,0,-0.226722,-0.145978,1.49351,-0.00568241,0.981551,-0.191114,-0.508898
193,0,-0.226903,-0.146101,1.49282,-0.00568241,0.981551,-0.191114,-0.508898
194,0,-0.227003,-0.146405,1.49254,-0.00568241,0.981551,-0.191114,-0.508898
195,0,-0.226901,-0.145937,1.49343,-0.00568241,0.981551,-0.191114,-0.508898
196,0,-0.226893,-0.146625,1.49207,-0.00568241,0.981551,-0.191114,-0.508898
197,0,-0.226737,-0.146159,1.49298,-0.00568241,0.981551,-0.191114,-0.508898
198,0,-0.227196,-0.146149,1.49337,-0.00568241,0.981551,-0.191114,-0.508898
199,0,-0.227185,-0.146021,1.493,-0.00568241,0.981551,-0.191114,-0.508898
200,0,-0.226634,-0.145872,1.49377,-0.00568241,0.981551,-0.191114,-0.508898
201,0,-0.22705,-0.146642,1.49286,-0.00568241,0.981551,-0.191114,-0.508898
202,0,-0.226871,-0.145945,1.49282,-0.00568241,0.981551,-0.191114,-0.508898
203,0,-0.226718,-0.146472,1.49383,-0.00568241,0.981551,-0.191114,-0.508898
204,0,-0.226453,-0.146606,1.49327,-0.00568241,0.981551,-0.191114,-0.508898
205,0,-0.227031,-0.146916,1.49267,-0.00568241,0.981551,-0.191114,-0.508898
206,0,-0.226881,-0.145724,1.49365,-0.00568241,0.981551,-0.191114,-0.508898
207,0,-0.226676,-0.146296,1.49271,-0.00568241,0.981551,-0.191114,-0.508898
208,0,-0.226802,-0.145978,1.49298,-0.00568241,0.981551,-0.191114,-0.508898
209,0,-0.226767,-0.146005,1.49319,-0.00568241,0.981551,-0.191114,-0.508898
210,0,-0.226613,-0.145923,1.49344,-0.00568241,0.981551,-0.191114,-0.508898
211,0,-0.226851,-0.147008,1.49256,-0.00568241,0.981551,-0.191114,-0.508898
212,0,-0.226917,-0.146571,1.49295,-0.00568241,0.981551,-0.191114,-0.508898
213,0,-0.227108,-0.146681,1.49262,-0.00568241,0.981551,-0.191114,-0.508898
214,0,-0.226299,-0.147352,1.49209,-0.00568241,0.981551,-0.191114,-0.508898
215,0,-0.226742,-0.147348,1.49259,-0.00568241,0.981551,-0.191114,-0.508898
216,0,-0.226812,-0.145718,1.49374,-0.00568241,0.981551,-0.191114,-0.508898
217,0,-0.226598,-0.146635,1.49235,-0.00568241,0.981551,-0.191114,-0.508898
218,0,-0.226449,-0.146094,1.49338,-0.00568241,0.981551,-0.191114,-0.508898
219,0,-0.226892,-0.146154,1.49331,-0.00568241,0.981551,-0.191114,-0.508898
220,0,-0.227001,-0.145969,1.49278,-0.00568241,0.981551,-0.191114,-0.508898
221,0,-0.226747,-0.146671,1.4924,-0.00568241,0.981551,-0.191114,-0.508898
222,0,-0.22666,-0.146986,1.49255,-0.00568241,0.981551,-0.191114,-0.508898
223,0,-0.226786,-0.146765,1.49234,-0.00568241,0.981551,-0.191114,-0.508898
224,0,-0.226564,-0.146961,1.49262,-0.00568241,0.981551,-0.191114,-0.508898
225,0,-0.226578,-0.147215,1.49256,-0.00568241,0.981551,-0.191114,-0.508898
226,0,-0.227154,-0.146636,1.49212,-0.00568241,0.981551,-0.191114,-0.508898
227,0,-0.227001,-0.146711,1.49233,-0.00568241,0.981551,-0.191114,-0.508898
228,0,-0.226993,-0.146139,1.49295,-0.00568241,0.981551,-0.191114,-0.508898
229,0,-0.226755,-0.146147,1.49286,-0.00568241,0.981551,-0.191114,-0.508898
230,0,-0.227253,-0.146397,1.49234,-0.00568241,0.981551,-0.191114,-0.508898
231,0,-0.226944,-0.146481,1.49246,-0.00568241,0.981551,-0.191114,-0.508898
232,0,-0.226621,-0.146654,1.49258,-0.00568241,0.981551,-0.191114,-0.508898
233,0,-0.226937,-0.146705,1.49235,-0.00568241,0.981551,-0.191114,-0.508898
234,0,-0.226924,-0.147106,1.49304,-0.00568241,0.981551,-0.191114,-0.508898
235,0,-0.226978,-0.146685,1.49325,-0.00568241,0.981551,-0.191114,-0.508898
236,0,-0.226637,-0.146475,1.49291,-0.00568241,0.981551,-0.191114,-0.508898
237,0,-0.226497,-0.14668,1.49249,-0.00568241,0.981551,-0.191114,-0.508898
238,0,-0.226161,-0.14681,1.49316,-0.00568241,0.981551,-0.191114,-0.508898
239,0,-0.226758,-0.145435,1.49364,-0.00568241,0.981551,-0.191114,-0.508898
240,0,-0.226143,-0.146776,1.49317,-0.00568241,0.981551,-0.191114,-0.508898
241,0,-0.226167,-0.146284,1.49401,-0.00568241,0.981551,-0.191114,-0.508898
242,0,-0.225359,-0.145322,1.49114,-0.00568241,0.981551,-0.191114,-0.508898
243,0,-0.225251,-0.145932,1.49003,-0.00568241,0.981551,-0.191114,-0.508898
244,0,-0.224996,-0.145814,1.4903,-0.00568241,0.981551,-0.191114,-0.508898
245,0,-0.225893,-0.145809,1.4908,-0.00568241,0.981551,-0.191114,-0.508898
246,0,-0.225324,-0.14616,1.4902,-0.00568241,0.981551,-0.191114,-0.508898
247,0,-0.225868,-0.146389,1.49006,-0.00568241,0.981551,-0.191114,-0.508898
248,0,-0.225584,-0.145959,1.49009,-0.00568241,0.981551,-0.191114,-0.508898
249,0,-0.225673,-0.145894,1.48976,-0.00568241,0.981551,-0.191114,-0.508898
250,0,-0.225794,-0.145912,1.49057,-0.00568241,0.981551,-0.191114,-0.508898
251,0,-0.225619,-0.145301,1.49052,-0.00568241,0.981551,-0.191114,-0.508898
252,0,-0.225857,-0.145358,1.49077,-0.00568241,0.981551,-0.191114,-0.508898
253,0,-0.225395,-0.145521,1.49063,-0.00568241,0.981551,-0.191114,-0.508898
254,0,-0.226063,-0.145449,1.49014,-0.00568241,0.981551,-0.191114,-0.508898
255,0,-0.225518,-0.1443,1.49025,-0.00568241,0.981551,-0.191114,-0.508898
256,0,-0.225639,-0.144998,1.49023,-0.00568241,0.981551,-0.191114,-0.508898
257,0,-0.225438,-0.145317,1.48952,-0.00568241,0.981551,-0.191114,-0.508898
259,0,-0.226054,-0.145056,1.4905,-0.00568241,0.981551,-0.191114,-0.508898
260,0,-0.226125,-0.145763,1.49091,-0.00568241,0.981551,-0.191114,-0.508898
261,0,-0.225763,-0.14409,1.49041,-0.00568241,0.981551,-0.191114,-0.508898
262,0,-0.226054,-0.145628,1.49063,-0.00568241,0.981551,-0.191114,-0.508898
263,0,-0.225578,-0.144966,1.49062,-0.00568241,0.981551,-0.191114,-0.508898
264,0,-0.226767,-0.145111,1.49072,-0.00568241,0.981551,-0.191114,-0.508898
265,0,-0.225907,-0.145765,1.49018,-0.00568241,0.981551,-0.191114,-0.508898
266,0,-0.225999,-0.146142,1.48961,-0.00568241,0.981551,-0.191114,-0.508898
267,0,-0.225703,-0.145103,1.49039,-0.00568241,0.981551,-0.191114,-0.508898
268,0,-0.225961,-0.145129,1.4907,-0.00568241,0.981551,-0.191114,-0.508898
269,0,-0.225401,-0.145188,1.49089,-0.00568241,0.981551,-0.191114,-0.508898
270,0,-0.225733,-0.145198,1.48963,-0.00568241,0.981551,-0.191114,-0.508898
272,0,-0.226224,-0.145289,1.48965,-0.00568241,0.981551,-0.191114,-0.508898
274,0,-0.226009,-0.145131,1.49054,-0.00568241,0.981551,-0.191114,-0.508898
275,0,-0.226358,-0.145191,1.49076,-0.00568241,0.981551,-0.191114,-0.508898
276,0,-0.225889,-0.145291,1.49064,-0.00568241,0.981551,-0.191114,-0.508898
277,0,-0.226274,-0.145656,1.49057,-0.00568241,0.981551,-0.191114,-0.508898
278,0,-0.225978,-0.146057,1.49131,-0.00568241,0.981551,-0.191114,-0.508898
279,0,-0.226226,-0.145014,1.49011,-0.00568241,0.981551,-0.191114,-0.508898
280,0,-0.22573,-0.146,1.49026,-0.00568241,0.981551,-0.191114,-0.508898
282,0,-0.225931,-0.145722,1.48969,-0.00568241,0.981551,-0.191114,-0.508898
284,0,-0.225927,-0.146432,1.48963,-0.00568241,0.981551,-0.191114,-0.508898
285,0,-0.225647,-0.145535,1.4905,-0.00568241,0.981551,-0.191114,-0.508898
286,0,-0.225386,-0.145898,1.48998,-0.00568241,0.981551,-0.191114,-0.508898
287,0,-0.225738,-0.145055,1.49021,-0.00568241,0.981551,-0.191114,-0.508898
288,0,-0.225805,-0.145532,1.49089,-0.00568241,0.981551,-0.191114,-0.508898
289,0,-0.225855,-0.14534,1.49019,-0.00568241,0.981551,-0.191114,-0.508898
290,0,-0.225236,-0.14631,1.49027,-0.00568241,0.981551,-0.191114,-0.508898
291,0,-0.225576,-0.145578,1.49106,-0.00568241,0.981551,-0.191114,-0.508898
292,0,-0.22571,-0.145881,1.48989,-0.00568241,0.981551,-0.191114,-0.508898
293,0,-0.225789,-0.14587,1.49018,-0.00568241,0.981551,-0.191114,-0.508898
294,0,-0.225505,-0.146295,1.48939,-0.00568241,0.981551,-0.191114,-0.508898
295,0,-0.225511,-0.145529,1.49063,-0.00568241,0.981551,-0.191114,-0.508898
296,0,-0.225789,-0.145416,1.49002,-0.00568241,0.981551,-0.191114,-0.508898
297,0,-0.22632,-0.144629,1.49099,-0.00568241,0.981551,-0.191114,-0.508898
298,0,-0.225394,-0.145166,1.49029,-0.00568241,0.981551,-0.191114,-0.508898
299,0,-0.225533,-0.145482,1.49068,-0.00568241,0.981551,-0.191114,-0.508898
300,0,-0.225288,-0.146117,1.48992,-0.00568241,0.981551,-0.191114,-0.508898
301,0,-0.225525,-0.145446,1.49102,-0.00568241,0.981551,-0.191114,-0.508898
302,0,-0.22588,-0.144608,1.49151,-0.00568241,0.981551,-0.191114,-0.508898
303,0,-0.225397,-0.146215,1.48973,-0.00568241,0.981551,-0.191114,-0.508898
304,0,-0.225441,-0.145894,1.49037,-0.00568241,0.981551,-0.191114,-0.508898
305,0,-0.226127,-0.14574,1.49068,-0.00568241,0.981551,-0.191114,-0.508898
306,0,-0.225766,-0.145097,1.49086,-0.00568241,0.981551,-0.191114,-0.508898
307,0,-0.225049,-0.14596,1.49076,-0.00568241,0.981551,-0.191114,-0.508898
308,0,-0.225703,-0.145474,1.4911,-0.00568241,0.981551,-0.191114,-0.508898
309,0,-0.225534,-0.145234,1.49075,-0.00568241,0.981551,-0.191114,-0.508898
310,0,-0.225514,-0.144895,1.49126,-0.00568241,0.981551,-0.191114,-0.508898
311,0,-0.22518,-0.1462,1.4897,-0.00568241,0.981551,-0.191114,-0.508898
312,0,-0.225547,-0.146043,1.49011,-0.00568241,0.981551,-0.191114,-0.508898
313,0,-0.225506,-0.145246,1.49054,-0.00568241,0.981551,-0.191114,-0.508898
314,0,-0.225607,-0.146412,1.48995,-0.00568241,0.981551,-0.191114,-0.508898
315,0,-0.225371,-0.146141,1.49001,-0.00568241,0.981551,-0.191114,-0.508898
316,0,-0.225877,-0.145448,1.49045,-0.00568241,0.981551,-0.191114,-0.508898
317,0,-0.225256,-0.145345,1.49036,-0.00568241,0.981551,-0.191114,-0.508898
318,0,-0.225829,-0.145416,1.49108,-0.00568241,0.981551,-0.191114,-0.508898
319,0,-0.225005,-0.146373,1.48976,-0.00568241,0.981551,-0.191114,-0.508898
320,0,-0.225397,-0.146212,1.49,-0.00568241,0.981551,-0.191114,-0.508898
321,0,-0.225342,-0.14646,1.49049,-0.00568241,0.981551,-0.191114,-0.508898
322,0,-0.225299,-0.14615,1.48997,-0.00568241,0.981551,-0.191114,-0.508898
323,0,-0.225448,-0.1465,1.49017,-0.00568241,0.981551,-0.191114,-0.508898
324,0,-0.225634,-0.145834,1.49027,-0.00568241,0.981551,-0.191114,-0.508898
325,0,-0.226019,-0.14628,1.49026,-0.00568241,0.981551,-0.191114,-0.508898
326,0,-0.225561,-0.145717,1.49029,-0.00568241,0.981551,-0.191114,-0.508898
327,0,-0.225105,-0.145767,1.48996,-0.00568241,0.981551,-0.191114,-0.508898
328,0,-0.225429,-0.146201,1.48998,-0.00568241,0.981551,-0.191114,-0.508898
329,0,-0.225346,-0.145777,1.48925,-0.00568241,0.981551,-0.191114,-0.508898
330,0,-0.225159,-0.145169,1.49037,-0.00568241,0.981551,-0.191114,-0.508898
331,0,-0.225138,-0.14581,1.48939,-0.00568241,0.981551,-0.191114,-0.508898
332,0,-0.225662,-0.145526,1.49066,-0.00568241,0.981551,-0.191114,-0.508898
333,0,-0.225641,-0.145227,1.49062,-0.00568241,0.981551,-0.191114,-0.508898
334,0,-0.225318,-0.1452,1.49078,-0.00568241,0.981551,-0.191114,-0.508898
335,0,-0.225256,-0.145417,1.49048,-0.00568241,0.981551,-0.191114,-0.508898
336,0,-0.225721,-0.144506,1.49034,-0.00568241,0.981551,-0.191114,-0.508898
337,0,-0.225357,-0.145518,1.49107,-0.00568241,0.981551,-0.191114,-0.508898
338,0,-0.225103,-0.145674,1.49058,-0.00568241,0.981551,-0.191114,-0.508898
339,0,-0.225348,-0.146164,1.49016,-0.00568241,0.981551,-0.191114,-0.508898
340,0,-0.22585,-0.146254,1.4899,-0.00568241,0.981551,-0.191114,-0.508898
341,0,-0.22542,-0.145435,1.49019,-0.00568241,0.981551,-0.191114,-0.508898
342,0,-0.225451,-0.14551,1.49049,-0.00568241,0.981551,-0.191114,-0.508898
343,0,-0.225281,-0.145771,1.49042,-0.00568241,0.981551,-0.191114,-0.508898
344,0,-0.225533,-0.145603,1.49073,-0.00568241,0.981551,-0.191114,-0.508898
345,0,-0.225235,-0.14556,1.4906,-0.00568241,0.981551,-0.191114,-0.508898
346,0,-0.225482,-0.14433,1.49075,-0.00568241,0.981551,-0.191114,-0.508898
347,0,-0.225123,-0.145683,1.48991,-0.00568241,0.981551,-0.191114,-0.508898
348,0,-0.22562,-0.145844,1.49029,-0.00568241,0.981551,-0.191114,-0.508898
349,0,-0.225903,-0.145249,1.4905,-0.00568241,0.981551,-0.191114,-0.508898
350,0,-0.225617,-0.145269,1.49042,-0.00568241,0.981551,-0.191114,-0.508898
351,0,-0.225664,-0.145614,1.49084,-0.00568241,0.981551,-0.191114,-0.508898
352,0,-0.225467,-0.145682,1.48964,-0.00568241,0.981551,-0.191114,-0.508898
353,0,-0.226022,-0.145442,1.49067,-0.00568241,0.981551,-0.191114,-0.508898
354,0,-0.225331,-0.145671,1.49031,-0.00568241,0.981551,-0.191114,-0.508898
355,0,-0.225588,-0.145898,1.49069,-0.00568241,0.981551,-0.191114,-0.508898
356,0,-0.225138,-0.145767,1.49025,-0.00568241,0.981551,-0.191114,-0.508898
358,0,-0.225285,-0.145487,1.49033,-0.00568241,0.981551,-0.191114,-0.508898
359,0,-0.225557,-0.145562,1.49021,-0.00568241,0.981551,-0.191114,-0.508898
360,0,-0.225795,-0.145369,1.49055,-0.00568241,0.981551,-0.191114,-0.508898
361,0,-0.225761,-0.145603,1.49067,-0.00568241,0.981551,-0.191114,-0.508898
362,0,-0.225371,-0.145478,1.49037,-0.00568241,0.981551,-0.191114,-0.508898
363,0,-0.225484,-0.145178,1.4903,-0.00568241,0.981551,-0.191114,-0.508898
364,0,-0.225316,-0.144191,1.49013,-0.00568241,0.981551,-0.191114,-0.508898
365,0,-0.225939,-0.145142,1.49051,-0.00568241,0.981551,-0.191114,-0.508898
366,0,-0.225836,-0.14532,1.48962,-0.00568241,0.981551,-0.191114,-0.508898
367,0,-0.225304,-0.144496,1.49013,-0.00568241,0.981551,-0.191114,-0.508898
368,0,-0.225589,-0.14583,1.49081,-0.00568241,0.981551,-0.191114,-0.508898
369,0,-0.225713,-0.145658,1.49091,-0.00568241,0.981551,-0.191114,-0.508898
370,0,-0.225369,-0.144935,1.49084,-0.00568241,0.981551,-0.191114,-0.508898
371,0,-0.225783,-0.145151,1.49125,-0.00568241,0.981551,-0.191114,-0.508898
372,0,-0.225505,-0.145414,1.49035,-0.00568241,0.981551,-0.191114,-0.508898
373,0,-0.225378,-0.145371,1.49034,-0.00568241,0.981551,-0.191114,-0.508898
374,0,-0.225649,-0.145994,1.49054,-0.00568241,0.981551,-0.191114,-0.508898
375,0,-0.225602,-0.145377,1.49051,-0.00568241,0.981551,-0.191114,-0.508898
376,0,-0.225981,-0.145554,1.49028,-0.00568241,0.981551,-0.191114,-0.508898
377,0,-0.225415,-0.145663,1.48981,-0.00568241,0.981551,-0.191114,-0.508898
378,0,-0.225953,-0.145723,1.49049,-0.00568241,0.981551,-0.191114,-0.508898
379,0,-0.225421,-0.145232,1.49025,-0.00568241,0.981551,-0.191114,-0.508898
380,0,-0.225219,-0.145886,1.49139,-0.00568241,0.981551,-0.191114,-0.508898
381,0,-0.22553,-0.145648,1.491,-0.00568241,0.981551,-0.191114,-0.508898
382,0,-0.225171,-0.14566,1.4901,-0.00568241,0.981551,-0.191114,-0.508898
383,0,-0.225585,-0.145403,1.49056,-0.00568241,0.981551,-0.191114,-0.508898
384,0,-0.22576,-0.145589,1.49147,-0.00568241,0.981551,-0.191114,-0.508898
385,0,-0.225259,-0.14559,1.49035,-0.00568241,0.981551,-0.191114,-0.508898
386,0,-0.22555,-0.14561,1.49061,-0.00568241,0.981551,-0.191114,-0.508898
387,0,-0.225636,-0.145606,1.49039,-0.00568241,0.981551,-0.191114,-0.508898
388,0,-0.224844,-0.145842,1.4905,-0.00568241,0.981551,-0.191114,-0.508898
389,0,-0.225269,-0.145763,1.49019,-0.00568241,0.981551,-0.191114,-0.508898
390,0,-0.225818,-0.145929,1.48967,-0.00568241,0.981551,-0.191114,-0.508898
391,1,-0.225092,-0.145621,1.48993,-0.00568241,0.981551,-0.191114,-0.508898
392,0,-0.225333,-0.145652,1.4901,-0.00568241,0.981551,-0.191114,-0.508898
393,1,-0.22574,-0.145249,1.49065,-0.00568241,0.981551,-0.191114,-0.508898
394,0,-0.226261,-0.145989,1.49057,-0.00568241,0.981551,-0.191114,-0.508898
395,0,-0.225167,-0.145629,1.49003,-0.00568241,0.981551,-0.191114,-0.508898
396,0,-0.226116,-0.145617,1.4903,-0.00568241,0.981551,-0.191114,-0.508898
397,0,-0.226221,-0.145789,1.49045,-0.00568241,0.981551,-0.191114,-0.508898
398,0,-0.225442,-0.145497,1.49024,-0.00568241,0.981551,-0.191114,-0.508898
399,0,-0.225212,-0.145907,1.48963,-0.00568241,0.981551,-0.191114,-0.508898
400,0,-0.226144,-0.145542,1.4912,-0.00568241,0.981551,-0.191114,-0.508898
401,0,-0.226195,-0.145157,1.49064,-0.00568241,0.981551,-0.191114,-0.508898
402,0,-0.225459,-0.145478,1.49052,-0.00568241,0.981551,-0.191114,-0.508898
403,0,-0.225943,-0.14576,1.49076,-0.00568241,0.981551,-0.191114,-0.508898
404,0,-0.226221,-0.145707,1.49064,-0.00568241,0.981551,-0.191114,-0.508898
405,0,-0.226325,-0.145467,1.49084,-0.00568241,0.981551,-0.191114,-0.508898
406,0,-0.22578,-0.145748,1.49098,-0.00568241,0.981551,-0.191114,-0.508898
407,0,-0.225144,-0.144982,1.49093,-0.00568241,0.981551,-0.191114,-0.508898
408,0,-0.225988,-0.145565,1.49024,-0.00568241,0.981551,-0.191114,-0.508898
409,0,-0.225803,-0.145251,1.49168,-0.00568241,0.981551,-0.191114,-0.508898
410,0,-0.225426,-0.144663,1.49148,-0.00568241,0.981551,-0.191114,-0.508898
411,0,-0.225534,-0.144656,1.49065,-0.00568241,0.981551,-0.191114,-0.508898
412,1,-0.225488,-0.145883,1.49049,-0.00568241,0.981551,-0.191114,-0.508898
413,1,-0.22551,-0.145299,1.49112,-0.00568241,0.981551,-0.191114,-0.508898
414,1,-0.22521,-0.146199,1.49068,-0.00568241,0.981551,-0.191114,-0.508898
415,0,-0.225662,-0.145782,1.4906,-0.00568241,0.981551,-0.191114,-0.508898
416,0,-0.225443,-0.145224,1.4904,-0.00568241,0.981551,-0.191114,-0.508898
417,0,-0.226682,-0.146358,1.48911,-0.00568241,0.981551,-0.191114,-0.508898
418,0,-0.225694,-0.145711,1.49007,-0.00568241,0.981551,-0.191114,-0.508898
419,0,-0.225683,-0.14518,1.49025,-0.00568241,0.981551,-0.191114,-0.508898
420,1,-0.225552,-0.145959,1.4902,-0.00568241,0.981551,-0.191114,-0.508898
421,1,-0.225634,-0.146118,1.48973,-0.00568241,0.981551,-0.191114,-0.508898
422,0,-0.225793,-0.145488,1.49008,-0.00568241,0.981551,-0.191114,-0.508898
423,1,-0.224957,-0.145928,1.49012,-0.00568241,0.981551,-0.191114,-0.508898
424,1,-0.22563,-0.145856,1.48897,-0.00568241,0.981551,-0.191114,-0.508898
425,1,-0.2256,-0.146123,1.4888,-0.00568241,0.981551,-0.191114,-0.508898
426,1,-0.225081,-0.145965,1.48728,-0.00568241,0.981551,-0.191114,-0.508898
427,0,-0.225031,-0.146988,1.48579,-0.00568241,0.981551,-0.191114,-0.508898
428,0,-0.221139,-0.145911,1.48408,-0.00568241,0.981551,-0.191114,-0.508898
429,0,-0.215581,-0.141734,1.48115,-0.00568241,0.981551,-0.191114,-0.508898
430,0,-0.209008,-0.136916,1.47709,-0.00568241,0.981551,-0.191114,-0.508898
431,0,-0.199502,-0.130427,1.46894,-0.00568241,0.981551,-0.191114,-0.508898
432,0,-0.186437,-0.122267,1.46042,-0.00568241,0.981551,-0.191114,-0.508898
433,0,-0.171664,-0.114527,1.44887,-0.00568241,0.981551,-0.191114,-0.508898
434,0,-0.15344,-0.105298,1.43476,-0.00568241,0.981551,-0.191114,-0.508898
435,0,-0.133588,-0.0974391,1.42541,-0.00568241,0.981551,-0.191114,-0.508898
436,0,-0.110768,-0.0880399,1.41666,-0.00568241,0.981551,-0.191114,-0.508898
437,0,-0.084083,-0.0741922,1.40249,-0.00568241,0.981551,-0.191114,-0.508898
438,0,-0.059426,-0.0604773,1.38933,-0.00568241,0.981551,-0.191114,-0.508898
439,1,-0.0317883,-0.0456881,1.37497,-0.00568241,0.981551,-0.191114,-0.508898
440,1,-0.00730028,-0.0287736,1.36581,-0.00568241,0.981551,-0.191114,-0.508898
441,1,0.0192743,-0.0108385,1.3557,-0.00568241,0.981551,-0.191114,-0.508898
442,1,0.0499577,0.00595974,1.34077,-0.00568241,0.981551,-0.191114,-0.508898
443,1,0.0742494,0.0197753,1.33535,-0.00568241,0.981551,-0.191114,-0.508898
444,1,0.0945392,0.0373538,1.33334,-0.00568241,0.981551,-0.191114,-0.508898
445,1,0.115885,0.0533954,1.33002,-0.00568241,0.981551,-0.191114,-0.508898
446,1,0.134614,0.0638592,1.32797,-0.00568241,0.981551,-0.191114,-0.508898
447,1,0.158541,0.0769077,1.32171,-0.00568241,0.981551,-0.191114,-0.508898
448,1,0.173141,0.0862597,1.32333,-0.00568241,0.981551,-0.191114,-0.508898
449,1,0.190189,0.0929374,1.32385,-0.00568241,0.981551,-0.191114,-0.508898
450,1,0.207653,0.0990563,1.32022,-0.00568241,0.981551,-0.191114,-0.508898
451,1,0.221856,0.102268,1.31905,-0.00568241,0.981551,-0.191114,-0.508898
452,1,0.236107,0.103784,1.31681,-0.00568241,0.981551,-0.191114,-0.508898
453,1,0.24787,0.104644,1.31481,-0.00568241,0.981551,-0.191114,-0.508898
454,1,0.257858,0.103224,1.31173,-0.00568241,0.981551,-0.191114,-0.508898
455,1,0.267721,0.100591,1.30855,-0.00568241,0.981551,-0.191114,-0.508898
456,1,0.274729,0.0979583,1.30748,-0.00568241,0.981551,-0.191114,-0.508898
457,1,0.282699,0.0943997,1.30593,-0.00568241,0.981551,-0.191114,-0.508898
458,1,0.287519,0.0922449,1.30524,-0.00568241,0.981551,-0.191114,-0.508898
459,1,0.293392,0.0892484,1.30611,-0.00568241,0.981551,-0.191114,-0.508898
460,1,0.297822,0.0877129,1.30594,-0.00568241,0.981551,-0.191114,-0.508898
461,1,0.301997,0.0879301,1.30462,-0.00568241,0.981551,-0.191114,-0.508898
462,1,0.304871,0.0880298,1.30445,-0.00568241,0.981551,-0.191114,-0.508898
463,1,0.307162,0.0855771,1.30562,-0.00568241,0.981551,-0.191114,-0.508898
464,1,0.309089,0.0831475,1.30623,-0.00568241,0.981551,-0.191114,-0.508898
465,1,0.311528,0.0822502,1.30543,-0.00568241,0.981551,-0.191114,-0.508898
466,1,0.312596,0.0816688,1.30542,-0.00568241,0.981551,-0.191114,-0.508898
467,1,0.313913,0.0810403,1.30678,-0.00568241,0.981551,-0.191114,-0.508898
468,1,0.319734,0.0846306,1.30022,-0.00568241,0.981551,-0.191114,-0.508898
469,1,0.318952,0.084156,1.30068,-0.00568241,0.981551,-0.191114,-0.508898
470,1,0.31506,0.0787443,1.30658,-0.00568241,0.981551,-0.191114,-0.508898
471,1,0.315302,0.0780693,1.30601,-0.00568241,0.981551,-0.191114,-0.508898
472,1,0.314246,0.0753755,1.30704,-0.00568241,0.981551,-0.191114,-0.508898
473,1,0.314148,0.0752839,1.30634,-0.00568241,0.981551,-0.191114,-0.508898
474,1,0.313767,0.0743199,1.30648,-0.00568241,0.981551,-0.191114,-0.508898
475,1,0.313093,0.0743522,1.30629,-0.00568241,0.981551,-0.191114,-0.508898
476,1,0.312915,0.0731394,1.30664,-0.00568241,0.981551,-0.191114,-0.508898
477,1,0.313314,0.0731862,1.30623,-0.00568241,0.981551,-0.191114,-0.508898
478,1,0.313074,0.0716929,1.30744,-0.00568241,0.981551,-0.191114,-0.508898
479,1,0.312586,0.071026,1.30776,-0.00568241,0.981551,-0.191114,-0.508898
480,1,0.311778,0.0690755,1.30717,-0.00568241,0.981551,-0.191114,-0.508898
481,1,0.311571,0.0680817,1.30617,-0.00568241,0.981551,-0.191114,-0.508898
482,1,0.311529,0.0684667,1.30604,-0.00568241,0.981551,-0.191114,-0.508898
483,1,0.311989,0.0668564,1.30665,-0.00568241,0.981551,-0.191114,-0.508898
484,1,0.311687,0.0667733,1.3063,-0.00568241,0.981551,-0.191114,-0.508898
485,1,0.311443,0.0666925,1.30697,-0.00568241,0.981551,-0.191114,-0.508898
486,1,0.311816,0.0666882,1.30675,-0.00568241,0.981551,-0.191114,-0.508898
487,1,0.311953,0.0670634,1.3062,-0.00568241,0.981551,-0.191114,-0.508898
488,1,0.312141,0.0675188,1.30647,-0.00568241,0.981551,-0.191114,-0.508898
489,1,0.312324,0.0685485,1.30682,-0.00568241,0.981551,-0.191114,-0.508898
490,1,0.312992,0.068984,1.30687,-0.00568241,0.981551,-0.191114,-0.508898
491,1,0.312419,0.0685904,1.30699,-0.00568241,0.981551,-0.191114,-0.508898
492,1,0.312509,0.068936,1.30724,-0.00568241,0.981551,-0.191114,-0.508898
493,1,0.311701,0.0686438,1.30676,-0.00568241,0.981551,-0.191114,-0.508898
494,1,0.312042,0.0688854,1.3067,-0.00568241,0.981551,-0.191114,-0.508898
495,1,0.31196,0.068488,1.30657,-0.00568241,0.981551,-0.191114,-0.508898
496,1,0.311687,0.0683101,1.30674,-0.00568241,0.981551,-0.191114,-0.508898
497,1,0.311598,0.0681668,1.30682,-0.00568241,0.981551,-0.191114,-0.508898
498,1,0.31183,0.0684834,1.30642,-0.00568241,0.981551,-0.191114,-0.508898
499,1,0.311566,0.0678123,1.30691,-0.00568241,0.981551,-0.191114,-0.508898
500,1,0.310866,0.0696751,1.30655,-0.00568241,0.981551,-0.191114,-0.508898
501,1,0.311226,0.0697957,1.30671,-0.00568241,0.981551,-0.191114,-0.508898
502,1,0.310836,0.0688344,1.30644,-0.00568241,0.981551,-0.191114,-0.508898
503,1,0.311054,0.0689459,1.307,-0.00568241,0.981551,-0.191114,-0.508898
504,1,0.31103,0.0697629,1.30648,-0.00568241,0.981551,-0.191114,-0.508898
505,1,0.311453,0.069066,1.30707,-0.00568241,0.981551,-0.191114,-0.508898
506,1,0.311688,0.0699547,1.30698,-0.00568241,0.981551,-0.191114,-0.508898
507,1,0.311485,0.0699223,1.30705,-0.00568241,0.981551,-0.191114,-0.508898
508,1,0.312106,0.0704783,1.30652,-0.00568241,0.981551,-0.191114,-0.508898
509,1,0.311344,0.0698509,1.30691,-0.00568241,0.981551,-0.191114,-0.508898
510,1,0.311521,0.0695767,1.30733,-0.00568241,0.981551,-0.191114,-0.508898
511,1,0.312523,0.0703846,1.3079,-0.00568241,0.981551,-0.191114,-0.508898
512,1,0.312299,0.069067,1.3075,-0.00568241,0.981551,-0.191114,-0.508898
513,1,0.312299,0.0696971,1.30658,-0.00568241,0.981551,-0.191114,-0.508898
514,1,0.313198,0.0696308,1.30781,-0.00568241,0.981551,-0.191114,-0.508898
515,1,0.31315,0.0697094,1.30739,-0.00568241,0.981551,-0.191114,-0.508898
516,1,0.314089,0.0699191,1.30844,-0.00568241,0.981551,-0.191114,-0.508898
517,1,0.313975,0.0694954,1.30754,-0.00568241,0.981551,-0.191114,-0.508898
518,1,0.314163,0.0704007,1.30737,-0.00568241,0.981551,-0.191114,-0.508898
519,1,0.313649,0.0690174,1.30786,-0.00568241,0.981551,-0.191114,-0.508898
520,1,0.31447,0.0698221,1.30767,-0.00568241,0.981551,-0.191114,-0.508898
521,1,0.314402,0.0702289,1.3074,-0.00568241,0.981551,-0.191114,-0.508898
522,1,0.314593,0.0701631,1.30693,-0.00568241,0.981551,-0.191114,-0.508898
523,1,0.314187,0.069338,1.3074,-0.00568241,0.981551,-0.191114,-0.508898
524,1,0.314061,0.0693792,1.30762,-0.00568241,0.981551,-0.191114,-0.508898
525,1,0.314306,0.0696505,1.30811,-0.00568241,0.981551,-0.191114,-0.508898
526,1,0.313572,0.0689307,1.30749,-0.00568241,0.981551,-0.191114,-0.508898
527,1,0.314006,0.0696158,1.30674,-0.00568241,0.981551,-0.191114,-0.508898
528,1,0.314191,0.0704169,1.30745,-0.00568241,0.981551,-0.191114,-0.508898
529,1,0.314376,0.0700023,1.30766,-0.00568241,0.981551,-0.191114,-0.508898
530,1,0.314411,0.0700149,1.3077,-0.00568241,0.981551,-0.191114,-0.508898
531,1,0.314636,0.0704339,1.30769,-0.00568241,0.981551,-0.191114,-0.508898
532,1,0.314288,0.0697539,1.30806,-0.00568241,0.981551,-0.191114,-0.508898
533,1,0.314757,0.0703701,1.30771,-0.00568241,0.981551,-0.191114,-0.508898
534,1,0.315104,0.0711613,1.30872,-0.00568241,0.981551,-0.191114,-0.508898
535,1,0.315396,0.0712544,1.30849,-0.00568241,0.981551,-0.191114,-0.508898
536,1,0.314707,0.0715915,1.30827,-0.00568241,0.981551,-0.191114,-0.508898
537,1,0.314563,0.0718032,1.30874,-0.00568241,0.981551,-0.191114,-0.508898
538,1,0.314758,0.0714726,1.30757,-0.00568241,0.981551,-0.191114,-0.508898
539,1,0.315143,0.0720926,1.3081,-0.00568241,0.981551,-0.191114,-0.508898
540,1,0.314936,0.0719762,1.30847,-0.00568241,0.981551,-0.191114,-0.508898
541,1,0.315009,0.0715843,1.30846,-0.00568241,0.981551,-0.191114,-0.508898
543,1,0.315293,0.0712618,1.30902,-0.00568241,0.981551,-0.191114,-0.508898
544,1,0.31477,0.0719019,1.30908,-0.00568241,0.981551,-0.191114,-0.508898
545,1,0.314084,0.0730126,1.30882,-0.00568241,0.981551,-0.191114,-0.508898
546,1,0.312126,0.0725074,1.30872,-0.00568241,0.981551,-0.191114,-0.508898
547,1,0.310464,0.0747325,1.30878,-0.00568241,0.981551,-0.191114,-0.508898
548,1,0.307374,0.0766903,1.30855,-0.00568241,0.981551,-0.191114,-0.508898
549,1,0.303184,0.0791368,1.30984,-0.00568241,0.981551,-0.191114,-0.508898
550,1,0.298184,0.081873,1.31103,-0.00568241,0.981551,-0.191114,-0.508898
551,1,0.292712,0.0869784,1.31327,-0.00568241,0.981551,-0.191114,-0.508898
552,1,0.285582,0.0920271,1.31479,-0.00568241,0.981551,-0.191114,-0.508898
553,1,0.277503,0.097763,1.31979,-0.00568241,0.981551,-0.191114,-0.508898
554,1,0.267477,0.105271,1.32434,-0.00568241,0.981551,-0.191114,-0.508898
555,1,0.256204,0.116496,1.3285,-0.00568241,0.981551,-0.191114,-0.508898
556,1,0.244077,0.126056,1.3343,-0.00568241,0.981551,-0.191114,-0.508898
557,1,0.230828,0.137136,1.34016,-0.00568241,0.981551,-0.191114,-0.508898
558,1,0.217755,0.148209,1.34849,-0.00568241,0.981551,-0.191114,-0.508898
559,1,0.203399,0.160322,1.35593,-0.00568241,0.981551,-0.191114,-0.508898
560,1,0.189641,0.173444,1.36571,-0.00568241,0.981551,-0.191114,-0.508898
561,1,0.176575,0.188781,1.37298,-0.00568241,0.981551,-0.191114,-0.508898
562,1,0.162576,0.200421,1.38325,-0.00568241,0.981551,-0.191114,-0.508898
563,1,0.149277,0.212286,1.39291,-0.00568241,0.981551,-0.191114,-0.508898
564,1,0.138364,0.225185,1.40434,-0.00568241,0.981551,-0.191114,-0.508898
565,1,0.127102,0.239686,1.41627,-0.00568241,0.981551,-0.191114,-0.508898
566,1,0.114881,0.253852,1.42759,-0.00568241,0.981551,-0.191114,-0.508898
567,1,0.104609,0.268183,1.43859,-0.00568241,0.981551,-0.191114,-0.508898
568,1,0.0950318,0.283078,1.44754,-0.00568241,0.981551,-0.191114,-0.508898
569,1,0.0846285,0.296882,1.45831,-0.00568241,0.981551,-0.191114,-0.508898
570,1,0.0726324,0.31054,1.46793,-0.00568241,0.981551,-0.191114,-0.508898
571,1,0.066406,0.320933,1.47754,-0.00568241,0.981551,-0.191114,-0.508898
572,1,0.0595137,0.332037,1.4879,-0.00568241,0.981551,-0.191114,-0.508898
573,1,0.050352,0.343108,1.49704,-0.00568241,0.981551,-0.191114,-0.508898
574,1,0.047374,0.348892,1.50671,-0.00568241,0.981551,-0.191114,-0.508898
575,1,0.0407351,0.358653,1.51737,-0.00568241,0.981551,-0.191114,-0.508898
576,1,0.0349742,0.367232,1.52545,-0.00568241,0.981551,-0.191114,-0.508898
577,1,0.0305484,0.37489,1.53496,-0.00568241,0.981551,-0.191114,-0.508898
578,1,0.0247205,0.388292,1.5425,-0.00568241,0.981551,-0.191114,-0.508898
579,1,0.0212098,0.395803,1.54925,-0.00568241,0.981551,-0.191114,-0.508898
580,1,0.0183287,0.395893,1.5569,-0.00568241,0.981551,-0.191114,-0.508898
581,1,0.0151846,0.406868,1.56222,-0.00568241,0.981551,-0.191114,-0.508898
582,1,0.0140854,0.402603,1.56595,-0.00568241,0.981551,-0.191114,-0.508898
583,1,0.0121073,0.408151,1.57184,-0.00568241,0.981551,-0.191114,-0.508898
584,1,0.0308972,0.394102,1.54555,-0.00568241,0.981551,-0.191114,-0.508898
585,1,0.0100768,0.414905,1.57982,-0.00568241,0.981551,-0.191114,-0.508898
586,1,0.00933622,0.415661,1.58235,-0.00568241,0.981551,-0.191114,-0.508898
587,1,0.00842899,0.417786,1.58612,-0.00568241,0.981551,-0.191114,-0.508898
588,1,0.00778024,0.418355,1.58798,-0.00568241,0.981551,-0.191114,-0.508898
589,1,0.00714051,0.429511,1.59293,-0.00568241,0.981551,-0.191114,-0.508898
590,1,0.00795252,0.419404,1.59133,-0.00568241,0.981551,-0.191114,-0.508898
591,1,0.00715531,0.419016,1.59146,-0.00568241,0.981551,-0.191114,-0.508898
592,1,0.00723539,0.420027,1.59285,-0.00568241,0.981551,-0.191114,-0.508898
593,1,0.00690901,0.421409,1.5929,-0.00568241,0.981551,-0.191114,-0.508898
594,1,0.00682362,0.419533,1.5921,-0.00568241,0.981551,-0.191114,-0.508898
595,1,0.00654669,0.430787,1.59526,-0.00568241,0.981551,-0.191114,-0.508898
596,1,0.00699768,0.421107,1.59269,-0.00568241,0.981551,-0.191114,-0.508898
597,1,0.0051745,0.433645,1.59641,-0.00568241,0.981551,-0.191114,-0.508898
598,1,0.00671091,0.434205,1.59635,-0.00568241,0.981551,-0.191114,-0.508898
599,1,0.00699188,0.43405,1.59721,-0.00568241,0.981551,-0.191114,-0.508898
600,1,0.00669813,0.4349,1.59763,-0.00568241,0.981551,-0.191114,-0.508898
601,1,0.00481366,0.433833,1.59779,-0.00568241,0.981551,-0.191114,-0.508898
602,1,0.00771315,0.419916,1.59203,-0.00568241,0.981551,-0.191114,-0.508898
603,1,0.0064616,0.4226,1.59446,-0.00568241,0.981551,-0.191114,-0.508898
604,1,0.00661204,0.421878,1.59365,-0.00568241,0.981551,-0.191114,-0.508898
605,1,0.00561368,0.434453,1.59733,-0.00568241,0.981551,-0.191114,-0.508898
606,1,0.00657569,0.420322,1.5923,-0.00568241,0.981551,-0.191114,-0.508898
607,1,0.00718036,0.420724,1.59235,-0.00568241,0.981551,-0.191114,-0.508898
608,1,0.00622797,0.418463,1.59067,-0.00568241,0.981551,-0.191114,-0.508898
609,1,0.00547399,0.421839,1.59323,-0.00568241,0.981551,-0.191114,-0.508898
610,1,0.00585158,0.421172,1.59343,-0.00568241,0.981551,-0.191114,-0.508898
611,1,0.00580665,0.421811,1.59409,-0.00568241,0.981551,-0.191114,-0.508898
612,1,0.00517875,0.421767,1.59374,-0.00568241,0.981551,-0.191114,-0.508898
613,1,0.00549071,0.422477,1.59524,-0.00568241,0.981551,-0.191114,-0.508898
614,1,0.00464895,0.422574,1.59557,-0.00568241,0.981551,-0.191114,-0.508898
615,1,0.00444855,0.422115,1.59426,-0.00568241,0.981551,-0.191114,-0.508898
616,1,0.00402758,0.422935,1.59606,-0.00568241,0.981551,-0.191114,-0.508898
617,1,0.00376237,0.423357,1.59604,-0.00568241,0.981551,-0.191114,-0.508898
618,1,0.00366243,0.422666,1.59511,-0.00568241,0.981551,-0.191114,-0.508898
619,1,0.00273308,0.422217,1.59414,-0.00568241,0.981551,-0.191114,-0.508898
620,1,0.00292815,0.422723,1.59495,-0.00568241,0.981551,-0.191114,-0.508898
621,1,0.00233305,0.422981,1.59434,-0.00568241,0.981551,-0.191114,-0.508898
622,1,0.00153701,0.434304,1.59776,-0.00568241,0.981551,-0.191114,-0.508898
623,1,0.00229394,0.422356,1.59439,-0.00568241,0.981551,-0.191114,-0.508898
624,1,0.00285155,0.421615,1.59323,-0.00568241,0.981551,-0.191114,-0.508898
625,1,0.00311016,0.421899,1.59355,-0.00568241,0.981551,-0.191114,-0.508898
626,1,0.00351508,0.421997,1.59307,-0.00568241,0.981551,-0.191114,-0.508898
627,1,0.00302928,0.421112,1.59367,-0.00568241,0.981551,-0.191114,-0.508898
628,1,0.00220301,0.430774,1.59429,-0.00568241,0.981551,-0.191114,-0.508898
629,1,0.00128992,0.419346,1.5899,-0.00568241,0.981551,-0.191114,-0.508898
630,1,0.0013926,0.416555,1.58399,-0.00568241,0.981551,-0.191114,-0.508898
631,1,-0.00217819,0.413005,1.57665,-0.00568241,0.981551,-0.191114,-0.508898
632,1,-0.00473774,0.41161,1.56607,-0.00568241,0.981551,-0.191114,-0.508898
633,1,-0.00808731,0.406198,1.55168,-0.00568241,0.981551,-0.191114,-0.508898
634,1,-0.0138159,0.408355,1.53555,-0.00568241,0.981551,-0.191114,-0.508898
635,1,-0.0191761,0.394432,1.51608,-0.00568241,0.981551,-0.191114,-0.508898
636,1,-0.0271349,0.390566,1.49603,-0.00568241,0.981551,-0.191114,-0.508898
637,1,-0.0323351,0.378817,1.47429,-0.00568241,0.981551,-0.191114,-0.508898
638,1,-0.0400988,0.362122,1.4509,-0.00568241,0.981551,-0.191114,-0.508898
639,1,-0.0516749,0.346055,1.42575,-0.00568241,0.981551,-0.191114,-0.508898
640,1,-0.0626792,0.325725,1.40123,-0.00568241,0.981551,-0.191114,-0.508898
641,1,-0.0745664,0.304988,1.37639,-0.00568241,0.981551,-0.191114,-0.508898
642,1,-0.0909718,0.279696,1.3515,-0.00568241,0.981551,-0.191114,-0.508898
643,1,-0.105335,0.250426,1.32806,-0.00568241,0.981551,-0.191114,-0.508898
644,1,-0.121614,0.219089,1.30609,-0.00568241,0.981551,-0.191114,-0.508898
645,1,-0.136141,0.18909,1.28695,-0.00568241,0.981551,-0.191114,-0.508898
646,1,-0.151995,0.15865,1.27388,-0.00568241,0.981551,-0.191114,-0.508898
647,1,-0.166201,0.130564,1.26002,-0.00568241,0.981551,-0.191114,-0.508898
648,1,-0.178561,0.0996758,1.24738,-0.00568241,0.981551,-0.191114,-0.508898
649,1,-0.19113,0.0720079,1.23778,-0.00568241,0.981551,-0.191114,-0.508898
650,1,-0.20029,0.0409559,1.22964,-0.00568241,0.981551,-0.191114,-0.508898
651,1,-0.208744,0.0119629,1.22327,-0.00568241,0.981551,-0.191114,-0.508898
652,1,-0.215455,-0.0119334,1.21751,-0.00568241,0.981551,-0.191114,-0.508898
653,1,-0.223028,-0.0396768,1.21431,-0.00568241,0.981551,-0.191114,-0.508898
654,1,-0.226738,-0.0652968,1.2127,-0.00568241,0.981551,-0.191114,-0.508898
655,0,-0.231621,-0.0861603,1.21126,-0.00568241,0.981551,-0.191114,-0.508898
656,0,-0.236815,-0.10628,1.21037,-0.00568241,0.981551,-0.191114,-0.508898
657,0,-0.23987,-0.122624,1.20821,-0.00568241,0.981551,-0.191114,-0.508898
658,0,-0.242703,-0.136516,1.20778,-0.00568241,0.981551,-0.191114,-0.508898
659,0,-0.244721,-0.148348,1.20739,-0.00568241,0.981551,-0.191114,-0.508898
660,0,-0.24597,-0.157907,1.20799,-0.00568241,0.981551,-0.191114,-0.508898
661,0,-0.247946,-0.168864,1.20925,-0.00568241,0.981551,-0.191114,-0.508898
662,0,-0.248535,-0.175379,1.21063,-0.00568241,0.981551,-0.191114,-0.508898
663,0,-0.250113,-0.182113,1.21321,-0.00568241,0.981551,-0.191114,-0.508898
664,0,-0.250061,-0.185977,1.21536,-0.00568241,0.981551,-0.191114,-0.508898
665,0,-0.249862,-0.18974,1.21746,-0.00568241,0.981551,-0.191114,-0.508898
666,0,-0.250166,-0.192016,1.21884,-0.00568241,0.981551,-0.191114,-0.508898
667,0,-0.250233,-0.194664,1.22024,-0.00568241,0.981551,-0.191114,-0.508898
668,0,-0.24979,-0.196724,1.22091,-0.00568241,0.981551,-0.191114,-0.508898
669,0,-0.249481,-0.197829,1.22158,-0.00568241,0.981551,-0.191114,-0.508898
670,0,-0.2494,-0.199017,1.2223,-0.00568241,0.981551,-0.191114,-0.508898
671,0,-0.24841,-0.199502,1.22232,-0.00568241,0.981551,-0.191114,-0.508898
672,0,-0.248722,-0.199569,1.22255,-0.00568241,0.981551,-0.191114,-0.508898
673,0,-0.24868,-0.199432,1.22284,-0.00568241,0.981551,-0.191114,-0.508898
674,0,-0.248858,-0.199053,1.22328,-0.00568241,0.981551,-0.191114,-0.508898
675,0,-0.249184,-0.199157,1.22439,-0.00568241,0.981551,-0.191114,-0.508898
676,0,-0.249445,-0.199095,1.22456,-0.00568241,0.981551,-0.191114,-0.508898
678,0,-0.248502,-0.199913,1.2219,-0.00568241,0.981551,-0.191114,-0.508898
679,0,-0.249171,-0.200208,1.22174,-0.00568241,0.981551,-0.191114,-0.508898
681,0,-0.248808,-0.200349,1.22211,-0.00568241,0.981551,-0.191114,-0.508898
682,0,-0.248742,-0.19995,1.22244,-0.00568241,0.981551,-0.191114,-0.508898
683,0,-0.249139,-0.19997,1.22341,-0.00568241,0.981551,-0.191114,-0.508898
684,0,-0.24876,-0.200149,1.22132,-0.00568241,0.981551,-0.191114,-0.508898
685,0,-0.249176,-0.200251,1.22162,-0.00568241,0.981551,-0.191114,-0.508898
686,0,-0.248918,-0.200314,1.22206,-0.00568241,0.981551,-0.191114,-0.508898
688,0,-0.249461,-0.200484,1.22164,-0.00568241,0.981551,-0.191114,-0.508898
689,0,-0.249237,-0.200156,1.22149,-0.00568241,0.981551,-0.191114,-0.508898
690,0,-0.249082,-0.200055,1.22211,-0.00568241,0.981551,-0.191114,-0.508898
691,0,-0.249596,-0.200256,1.22146,-0.00568241,0.981551,-0.191114,-0.508898
692,0,-0.248782,-0.200146,1.22097,-0.00568241,0.981551,-0.191114,-0.508898
693,0,-0.248987,-0.199977,1.22098,-0.00568241,0.981551,-0.191114,-0.508898
694,0,-0.248881,-0.199924,1.22087,-0.00568241,0.981551,-0.191114,-0.508898
695,0,-0.248724,-0.200115,1.22105,-0.00568241,0.981551,-0.191114,-0.508898
696,0,-0.248779,-0.200151,1.22063,-0.00568241,0.981551,-0.191114,-0.508898
697,0,-0.248947,-0.199997,1.22094,-0.00568241,0.981551,-0.191114,-0.508898
698,0,-0.248663,-0.200008,1.22055,-0.00568241,0.981551,-0.191114,-0.508898
699,0,-0.249005,-0.199841,1.22079,-0.00568241,0.981551,-0.191114,-0.508898
700,0,-0.248742,-0.200232,1.22102,-0.00568241,0.981551,-0.191114,-0.508898
701,0,-0.248931,-0.200083,1.22086,-0.00568241,0.981551,-0.191114,-0.508898
702,0,-0.248971,-0.199978,1.22042,-0.00568241,0.981551,-0.191114,-0.508898
703,0,-0.24858,-0.200324,1.22079,-0.00568241,0.981551,-0.191114,-0.508898
704,0,-0.248854,-0.199984,1.22111,-0.00568241,0.981551,-0.191114,-0.508898
705,0,-0.248652,-0.200101,1.22058,-0.00568241,0.981551,-0.191114,-0.508898
706,0,-0.248991,-0.199984,1.22081,-0.00568241,0.981551,-0.191114,-0.508898
707,0,-0.24876,-0.200079,1.2209,-0.00568241,0.981551,-0.191114,-0.508898
708,0,-0.248863,-0.200147,1.22072,-0.00568241,0.981551,-0.191114,-0.508898
709,0,-0.248708,-0.200258,1.22076,-0.00568241,0.981551,-0.191114,-0.508898
710,0,-0.248965,-0.200426,1.22076,-0.00568241,0.981551,-0.191114,-0.508898
711,0,-0.248557,-0.200225,1.22086,-0.00568241,0.981551,-0.191114,-0.508898
712,0,-0.248779,-0.199835,1.22077,-0.00568241,0.981551,-0.191114,-0.508898
713,0,-0.248721,-0.20012,1.22086,-0.00568241,0.981551,-0.191114,-0.508898
714,0,-0.248478,-0.200009,1.22072,-0.00568241,0.981551,-0.191114,-0.508898
715,0,-0.248914,-0.20016,1.22096,-0.00568241,0.981551,-0.191114,-0.508898
716,0,-0.249034,-0.199986,1.22118,-0.00568241,0.981551,-0.191114,-0.508898
717,0,-0.248972,-0.199794,1.22065,-0.00568241,0.981551,-0.191114,-0.508898
718,0,-0.248755,-0.200143,1.22093,-0.00568241,0.981551,-0.191114,-0.508898
719,0,-0.248795,-0.200161,1.22078,-0.00568241,0.981551,-0.191114,-0.508898
720,0,-0.248999,-0.199956,1.22099,-0.00568241,0.981551,-0.191114,-0.508898
721,0,-0.248846,-0.199811,1.22078,-0.00568241,0.981551,-0.191114,-0.508898
722,0,-0.248767,-0.200159,1.22069,-0.00568241,0.981551,-0.191114,-0.508898
724,0,-0.249137,-0.200004,1.22099,-0.00568241,0.981551,-0.191114,-0.508898
725,0,-0.249035,-0.199753,1.2208,-0.00568241,0.981551,-0.191114,-0.508898
726,0,-0.248558,-0.200116,1.22086,-0.00568241,0.981551,-0.191114,-0.508898
727,0,-0.248741,-0.200057,1.22086,-0.00568241,0.981551,-0.191114,-0.508898
728,0,-0.248761,-0.200191,1.22099,-0.00568241,0.981551,-0.191114,-0.508898
730,0,-0.248804,-0.200122,1.22088,-0.00568241,0.981551,-0.191114,-0.508898
731,0,-0.248808,-0.200216,1.22072,-0.00568241,0.981551,-0.191114,-0.508898
732,0,-0.248686,-0.199879,1.22085,-0.00568241,0.981551,-0.191114,-0.508898
733,0,-0.248907,-0.200104,1.22061,-0.00568241,0.981551,-0.191114,-0.508898
734,0,-0.248857,-0.200123,1.22068,-0.00568241,0.981551,-0.191114,-0.508898
735,0,-0.248862,-0.200147,1.22086,-0.00568241,0.981551,-0.191114,-0.508898
736,0,-0.249205,-0.199987,1.22042,-0.00568241,0.981551,-0.191114,-0.508898
738,0,-0.248875,-0.200001,1.22059,-0.00568241,0.981551,-0.191114,-0.508898
739,0,-0.249127,-0.200133,1.22084,-0.00568241,0.981551,-0.191114,-0.508898
741,0,-0.24902,-0.20019,1.22052,-0.00568241,0.981551,-0.191114,-0.508898
742,0,-0.248732,-0.200068,1.2206,-0.00568241,0.981551,-0.191114,-0.508898
743,0,-0.249016,-0.200328,1.22057,-0.00568241,0.981551,-0.191114,-0.508898
744,0,-0.249044,-0.200248,1.22057,-0.00568241,0.981551,-0.191114,-0.508898
746,0,-0.248886,-0.20027,1.22072,-0.00568241,0.981551,-0.191114,-0.508898
747,0,-0.249217,-0.19995,1.22088,-0.00568241,0.981551,-0.191114,-0.508898
748,0,-0.248926,-0.199887,1.22042,-0.00568241,0.981551,-0.191114,-0.508898
749,0,-0.249239,-0.200313,1.2208,-0.00568241,0.981551,-0.191114,-0.508898
751,0,-0.248876,-0.200076,1.2205,-0.00568241,0.981551,-0.191114,-0.508898
752,0,-0.248765,-0.200198,1.22067,-0.00568241,0.981551,-0.191114,-0.508898
753,0,-0.248949,-0.20011,1.22028,-0.00568241,0.981551,-0.191114,-0.508898
754,0,-0.248987,-0.20006,1.2207,-0.00568241,0.981551,-0.191114,-0.508898
755,0,-0.249901,-0.200645,1.2205,-0.00568241,0.981551,-0.191114,-0.508898
756,0,-0.248717,-0.200136,1.22051,-0.00568241,0.981551,-0.191114,-0.508898
757,0,-0.248933,-0.200349,1.22066,-0.00568241,0.981551,-0.191114,-0.508898
758,0,-0.249703,-0.2006,1.22008,-0.00568241,0.981551,-0.191114,-0.508898
759,0,-0.249017,-0.20014,1.22086,-0.00568241,0.981551,-0.191114,-0.508898
761,0,-0.248906,-0.199979,1.22051,-0.00568241,0.981551,-0.191114,-0.508898
762,0,-0.248695,-0.200288,1.22067,-0.00568241,0.981551,-0.191114,-0.508898
763,0,-0.248866,-0.200152,1.22053,-0.00568241,0.981551,-0.191114,-0.508898
764,0,-0.248759,-0.200215,1.22074,-0.00568241,0.981551,-0.191114,-0.508898
765,0,-0.248989,-0.200026,1.22048,-0.00568241,0.981551,-0.191114,-0.508898
766,0,-0.249285,-0.199721,1.22082,-0.00568241,0.981551,-0.191114,-0.508898
767,0,-0.248675,-0.200419,1.21996,-0.00568241,0.981551,-0.191114,-0.508898
768,0,-0.24907,-0.200056,1.22039,-0.00568241,0.981551,-0.191114,-0.508898
769,0,-0.248869,-0.200178,1.22018,-0.00568241,0.981551,-0.191114,-0.508898
771,0,-0.248792,-0.200018,1.22019,-0.00568241,0.981551,-0.191114,-0.508898
772,0,-0.248906,-0.200195,1.22003,-0.00568241,0.981551,-0.191114,-0.508898
773,0,-0.248962,-0.200319,1.22047,-0.00568241,0.981551,-0.191114,-0.508898
774,0,-0.248947,-0.200205,1.2202,-0.00568241,0.981551,-0.191114,-0.508898
775,0,-0.248752,-0.199837,1.22012,-0.00568241,0.981551,-0.191114,-0.508898
776,0,-0.248846,-0.200006,1.21984,-0.00568241,0.981551,-0.191114,-0.508898
777,0,-0.248958,-0.199942,1.21957,-0.00568241,0.981551,-0.191114,-0.508898
778,0,-0.249025,-0.200027,1.22012,-0.00568241,0.981551,-0.191114,-0.508898
779,0,-0.248891,-0.200107,1.21982,-0.00568241,0.981551,-0.191114,-0.508898
780,0,-0.248975,-0.200123,1.21974,-0.00568241,0.981551,-0.191114,-0.508898
781,0,-0.24904,-0.19994,1.21954,-0.00568241,0.981551,-0.191114,-0.508898
782,0,-0.248971,-0.200128,1.22017,-0.00568241,0.981551,-0.191114,-0.508898
783,0,-0.249536,-0.200898,1.21937,-0.00568241,0.981551,-0.191114,-0.508898
784,0,-0.248777,-0.200196,1.21994,-0.00568241,0.981551,-0.191114,-0.508898
785,0,-0.24914,-0.199967,1.21995,-0.00568241,0.981551,-0.191114,-0.508898
786,0,-0.248861,-0.200403,1.21994,-0.00568241,0.981551,-0.191114,-0.508898
787,0,-0.248881,-0.200231,1.22007,-0.00568241,0.981551,-0.191114,-0.508898
788,0,-0.248645,-0.200476,1.22016,-0.00568241,0.981551,-0.191114,-0.508898
789,0,-0.248959,-0.200061,1.21997,-0.00568241,0.981551,-0.191114,-0.508898
790,0,-0.248769,-0.20003,1.21995,-0.00568241,0.981551,-0.191114,-0.508898
791,0,-0.248942,-0.199991,1.21979,-0.00568241,0.981551,-0.191114,-0.508898
792,0,-0.248978,-0.200235,1.22017,-0.00568241,0.981551,-0.191114,-0.508898
793,0,-0.249038,-0.200123,1.22007,-0.00568241,0.981551,-0.191114,-0.508898
794,0,-0.249134,-0.200085,1.2199,-0.00568241,0.981551,-0.191114,-0.508898
795,0,-0.248979,-0.20013,1.21991,-0.00568241,0.981551,-0.191114,-0.508898
796,0,-0.248901,-0.200103,1.22002,-0.00568241,0.981551,-0.191114,-0.508898
797,0,-0.248889,-0.20021,1.22033,-0.00568241,0.981551,-0.191114,-0.508898
798,0,-0.249007,-0.200238,1.21996,-0.00568241,0.981551,-0.191114,-0.508898
799,0,-0.249179,-0.200066,1.22015,-0.00568241,0.981551,-0.191114,-0.508898
800,0,-0.248853,-0.200184,1.21975,-0.00568241,0.981551,-0.191114,-0.508898
801,0,-0.249037,-0.200211,1.22002,-0.00568241,0.981551,-0.191114,-0.508898
802,0,-0.248863,-0.200387,1.21996,-0.00568241,0.981551,-0.191114,-0.508898
803,0,-0.249183,-0.200168,1.2198,-0.00568241,0.981551,-0.191114,-0.508898
804,0,-0.248873,-0.200228,1.2202,-0.00568241,0.981551,-0.191114,-0.508898
805,0,-0.248843,-0.200019,1.21997,-0.00568241,0.981551,-0.191114,-0.508898
806,0,-0.249178,-0.200349,1.21995,-0.00568241,0.981551,-0.191114,-0.508898
807,0,-0.249254,-0.200306,1.22002,-0.00568241,0.981551,-0.191114,-0.508898
808,0,-0.249463,-0.199914,1.22008,-0.00568241,0.981551,-0.191114,-0.508898
809,0,-0.249281,-0.200126,1.21989,-0.00568241,0.981551,-0.191114,-0.508898
810,0,-0.249282,-0.200248,1.22,-0.00568241,0.981551,-0.191114,-0.508898
811,0,-0.249032,-0.200163,1.21966,-0.00568241,0.981551,-0.191114,-0.508898
812,0,-0.249234,-0.20018,1.21954,-0.00568241,0.981551,-0.191114,-0.508898
813,0,-0.25,-0.200853,1.21988,-0.00568241,0.981551,-0.191114,-0.508898
814,0,-0.249289,-0.199983,1.21974,-0.00568241,0.981551,-0.191114,-0.508898
815,0,-0.24915,-0.200261,1.21969,-0.00568241,0.981551,-0.191114,-0.508898
816,0,-0.249776,-0.200736,1.21958,-0.00568241,0.981551,-0.191114,-0.508898
817,0,-0.249289,-0.200318,1.21935,-0.00568241,0.981551,-0.191114,-0.508898
818,0,-0.249298,-0.200215,1.21991,-0.00568241,0.981551,-0.191114,-0.508898
819,0,-0.249406,-0.200023,1.21986,-0.00568241,0.981551,-0.191114,-0.508898
820,0,-0.249338,-0.200022,1.22001,-0.00568241,0.981551,-0.191114,-0.508898
821,0,-0.248913,-0.200261,1.21988,-0.00568241,0.981551,-0.191114,-0.508898
822,0,-0.249147,-0.199975,1.21981,-0.00568241,0.981551,-0.191114,-0.508898
823,0,-0.249261,-0.20049,1.21962,-0.00568241,0.981551,-0.191114,-0.508898
824,0,-0.249173,-0.20021,1.22029,-0.00568241,0.981551,-0.191114,-0.508898
825,0,-0.249336,-0.200232,1.22037,-0.00568241,0.981551,-0.191114,-0.508898
826,0,-0.248938,-0.200263,1.21967,-0.00568241,0.981551,-0.191114,-0.508898
827,0,-0.249028,-0.200346,1.22024,-0.00568241,0.981551,-0.191114,-0.508898
828,0,-0.248993,-0.200165,1.22023,-0.00568241,0.981551,-0.191114,-0.508898
829,0,-0.249154,-0.200333,1.22017,-0.00568241,0.981551,-0.191114,-0.508898
830,0,-0.249245,-0.199927,1.21962,-0.00568241,0.981551,-0.191114,-0.508898
831,0,-0.249282,-0.200173,1.21981,-0.00568241,0.981551,-0.191114,-0.508898
832,0,-0.249041,-0.199833,1.21958,-0.00568241,0.981551,-0.191114,-0.508898
833,0,-0.249267,-0.200035,1.21978,-0.00568241,0.981551,-0.191114,-0.508898
834,0,-0.248927,-0.200123,1.21956,-0.00568241,0.981551,-0.191114,-0.508898
835,0,-0.248858,-0.199923,1.21994,-0.00568241,0.981551,-0.191114,-0.508898
837,0,-0.248829,-0.200352,1.2201,-0.00568241,0.981551,-0.191114,-0.508898
838,0,-0.249014,-0.199772,1.21963,-0.00568241,0.981551,-0.191114,-0.508898
839,0,-0.249039,-0.199831,1.21966,-0.00568241,0.981551,-0.191114,-0.508898
840,0,-0.248887,-0.200174,1.21992,-0.00568241,0.981551,-0.191114,-0.508898
841,0,-0.249024,-0.200074,1.21985,-0.00568241,0.981551,-0.191114,-0.508898
842,0,-0.248937,-0.200191,1.21986,-0.00568241,0.981551,-0.191114,-0.508898
843,0,-0.249024,-0.200203,1.21998,-0.00568241,0.981551,-0.191114,-0.508898
844,0,-0.249171,-0.199909,1.21991,-0.00568241,0.981551,-0.191114,-0.508898
845,0,-0.24901,-0.200178,1.21982,-0.00568241,0.981551,-0.191114,-0.508898
846,0,-0.249032,-0.200466,1.22003,-0.00568241,0.981551,-0.191114,-0.508898
847,0,-0.248994,-0.199961,1.21992,-0.00568241,0.981551,-0.191114,-0.508898
848,0,-0.249016,-0.200059,1.21968,-0.00568241,0.981551,-0.191114,-0.508898
849,0,-0.249199,-0.200172,1.21978,-0.00568241,0.981551,-0.191114,-0.508898
850,0,-0.248879,-0.200217,1.2199,-0.00568241,0.981551,-0.191114,-0.508898
851,0,-0.249252,-0.200276,1.22003,-0.00568241,0.981551,-0.191114,-0.508898
852,0,-0.248936,-0.200442,1.22033,-0.00568241,0.981551,-0.191114,-0.508898
853,0,-0.249193,-0.200073,1.22008,-0.00568241,0.981551,-0.191114,-0.508898
854,0,-0.249082,-0.199901,1.21976,-0.00568241,0.981551,-0.191114,-0.508898
855,0,-0.249193,-0.200054,1.21997,-0.00568241,0.981551,-0.191114,-0.508898
